10061	10093,10092,10091,10090,10087,10088,10089,10084,10083,10086,
1008	1009,1011,1010,1034,1029,1028,1027,1026,1025,1024,
10154	10159,10157,10158,10155,10156,10161,10160,10163,10162,
10160	10161,10163,10162,
10170	10174,10173,10172,10171,10177,10178,10175,10176,10179,10181,
10174	10177,10178,10175,10176,10179,10181,10180,10183,10182,10185,
10177	10178,10179,10181,10180,10183,10182,10185,10184,10186,10187,
10179	10181,10180,10183,10182,10185,10184,10186,10187,10188,10189,
10181	10183,10182,10185,10184,10186,10187,10188,10189,10195,10196,
10186	10187,10188,10189,10195,10196,10193,10194,10191,10192,10190,
10188	10189,10195,10196,10193,10194,10191,10192,10190,10199,10198,
10193	10195,10196,10194,10199,10198,10197,10207,10208,10205,10206,
10198	10199,10207,10208,10205,10206,10209,10200,10203,10204,10201,
10205	10207,10208,10206,10209,10229,10227,10228,10225,10226,10223,
10209	10229,10227,10228,10225,10226,10223,10224,10221,10222,10220,
10218	10229,10227,10228,10225,10226,10223,10224,10221,10222,10220,
10221	10229,10227,10228,10225,10226,10223,10224,10222,10244,10243,
10223	10229,10227,10228,10225,10226,10224,10244,10243,10242,10241,
10225	10229,10227,10228,10226,10244,10243,10242,10241,10248,10247,
10227	10229,10228,10244,10243,10242,10241,10248,10247,10246,10245,
10229	10244,10243,10242,10241,10248,10247,10246,10245,10249,10240,
10230	10244,10243,10242,10241,10248,10247,10246,10245,10249,10240,
10234	10244,10243,10242,10241,10248,10247,10246,10245,10249,10240,
10237	10244,10243,10242,10241,10248,10247,10246,10245,10249,10240,
10242	10244,10243,10248,10247,10246,10245,10249,10250,10251,
10244	10248,10247,10246,10245,10249,10250,10251,
10250	10251,
10272	14435,25208,44823,23594,43384,25187,13792,
10288	31142,
10291	22115,49354,12401,20200,30610,18511,21958,21949,27334,25822,
10325	40634,
10335	15106,19260,15089,
10420	21586,15989,21415,20845,
10426	14879,16240,16215,43238,13764,14402,35533,12401,43706,23202,
10431	28241,39650,
10457	14024,
1053	2668,43696,29479,29490,
1055	3129,
10603	10604,
10637	10650,10638,10639,10640,10643,10644,10641,10642,10647,10648,
10649	10650,
1066	1075,1074,1077,1076,1071,1070,1073,1072,1067,1068,
10668	10669,
10673	10708,10709,10710,10712,10711,10714,10713,10716,10715,10718,
10689	10708,10709,10710,10712,10711,10714,10713,10716,10715,10718,
10691	10708,10709,10710,10712,10711,10714,10713,10716,10715,10718,
10700	10708,10709,10710,10712,10711,10714,10713,10716,10715,10718,
1074	1075,1077,1076,
10741	10743,10742,10749,10748,10747,10746,10745,10744,10755,10750,
1075	1077,1076,
10770	10771,10772,
10779	10788,10789,10786,10787,10784,10785,10782,10783,10780,10781,
10818	10819,10820,10821,10822,
10856	10918,10917,10919,10924,10925,10926,10927,10920,10921,10922,
10923	10924,10925,10926,10927,10929,10928,10933,10934,10931,10932,
10929	10933,10934,10931,10932,10935,10930,
10948	33560,41831,34144,23508,33188,35618,34010,25184,
10950	35901,27291,24609,
10972	40528,20060,40547,16643,27959,23883,24451,24446,24447,24444,
11000	11010,11016,11015,11018,11017,11012,11011,11014,11013,11019,
1104	1108,1109,1106,1107,1105,1110,1124,1125,1122,1123,
1105	1108,1109,1106,1107,1110,1124,1125,1122,1123,1128,
11089	11090,
11126	11150,11151,11152,11153,11155,11154,11157,11156,11159,11158,
11204	11224,11225,11226,11227,11220,11221,11222,11223,11228,11229,
11209	11224,11225,11226,11227,11220,11221,11222,11223,11228,11229,
11224	11225,11226,11227,11228,11229,11237,11238,11235,11236,11233,
11251	11258,11257,11254,11253,11256,11255,11252,
11339	11340,
11371	11375,11374,11376,11372,11373,
11386	11397,11396,11399,11398,11390,11391,11392,11393,11394,11395,
11418	11423,11422,11425,11424,11421,11420,11419,
11421	11423,11422,11425,11424,
11498	11499,11500,
11510	11519,11518,11515,11514,11517,11516,11511,11513,11512,11530,
1152	1153,1154,1155,
11546	11556,11557,11554,11555,11552,11553,11550,11551,11558,11559,
11554	11556,11557,11555,11558,11559,11575,11574,11573,11572,11579,
11566	11575,11574,11573,11572,11579,11578,11577,11576,11570,11571,
11581	11588,11587,11584,11583,11586,11585,11582,
11590	11597,11596,11595,11594,11592,11593,11591,
11593	11597,11596,11595,11594,
11701	11703,11702,
11817	11828,11829,11826,11827,11824,11825,11822,11823,11820,11821,
11825	11828,11829,11826,11827,
11831	11832,
11902	30852,30819,42475,21688,7649,
11940	11942,11941,11947,11944,11943,11946,11945,
12031	12032,12033,12039,12038,12035,12034,12037,12036,12041,12040,
12034	12039,12038,12035,12037,12036,12041,12040,
12117	12118,12119,12121,12120,
12201	12208,12207,12209,12202,12204,12203,12206,12205,12218,12219,
12209	12218,12219,12210,12211,12212,12213,12214,12215,12216,12217,
12236	12237,
12274	12277,12276,12279,12278,12275,12289,12288,12287,12285,12286,
12283	12289,12288,12287,12285,12286,12284,12293,12292,12291,12290,
12285	12289,12288,12287,12286,12293,12292,12291,12290,12294,
12302	12303,12305,12304,12307,12306,
12334	14265,12339,12335,12336,12337,12338,12341,12340,
12371	12379,12376,12375,12378,12377,12372,12373,12374,12389,12388,
12377	12379,12378,12389,12388,12387,12386,12384,12385,12382,12383,
12383	12389,12388,12387,12386,12384,12385,12398,12397,12390,12391,
12385	12389,12388,12387,12386,12398,12397,12390,12391,12392,12393,
12460	12474,12475,12476,12477,12478,12479,12471,12470,12473,12472,
12470	12474,12475,12476,12477,12478,12479,12471,12473,12472,12485,
12498	12500,12501,12502,12499,
12539	12560,12550,12559,12558,12557,12556,12555,12554,12553,12552,
12557	12560,12559,12558,
12609	12616,12617,12614,12615,12612,12613,12610,12611,
12615	12616,12617,
1262	1263,1264,
12675	12688,12687,12689,12684,12683,12686,12685,12680,12681,12682,
12690	12691,12692,
12775	43400,35752,9784,22037,47366,18304,18306,41775,18865,20505,
12779	40391,27312,26101,23439,31932,37868,
12794	48285,48289,48287,48281,12820,
12820	48285,48289,48287,48281,
12856	12859,12858,12857,12868,12867,12869,12860,12862,12861,12864,
12915	12916,12918,12917,12921,12920,12927,12926,12925,12924,12923,
12925	12927,12926,
12944	12946,12947,12945,12948,12949,
12948	12949,
13010	13011,13012,13018,13017,13019,13014,13013,13016,13015,13046,
13033	13046,13047,13048,13049,13043,13042,13045,13044,13041,13040,
13038	13046,13047,13048,13049,13043,13042,13045,13044,13041,13040,
13041	13046,13047,13048,13049,13043,13042,13045,13044,13053,13052,
13047	13048,13049,13053,13052,13051,13050,
13093	13100,13109,13104,13103,13102,13101,13108,13107,13106,13105,
13142	13145,13146,13147,13148,13149,13144,13143,13151,13150,13154,
13148	13149,13151,13150,13154,13153,13152,
13150	13151,13154,13153,13152,
13159	34211,16477,41422,18008,14588,26250,23994,23996,25710,
1316	1932,
13169	42229,27640,27542,41616,38082,
1318	1346,1344,1345,1342,1343,1341,1340,1339,1335,1336,
13186	14294,35759,32433,32045,32402,48291,33133,32804,32802,32117,
1322	1346,1344,1345,1342,1343,1341,1340,1339,1335,1336,
13259	13271,13272,13270,13260,13261,13262,13263,13264,13265,13267,
13266	13271,13272,13270,13267,13269,13268,
13397	13398,
13424	13425,
13432	13450,13451,13452,13458,13457,13459,13454,13453,13456,13455,
13448	13450,13451,13452,13458,13457,13459,13454,13453,13456,13455,
13459	13494,13493,13496,13495,13490,13492,13491,13497,13498,13499,
13507	13520,13521,13509,13508,13514,13515,13512,13513,13510,13511,
13560	13570,13571,13572,13573,13579,13578,13575,13574,13577,13576,
13581	13591,13590,13593,13592,13595,13594,13596,13597,13598,13599,
13597	13598,13599,13601,13600,13603,13602,13605,13604,13607,13606,
13603	13605,13604,13607,13606,13609,13608,13610,13614,13613,13612,
13605	13607,13606,13609,13608,13610,13614,13613,13612,13611,13617,
13608	13609,13610,13614,13613,13612,13611,13617,13616,13615,
13611	13614,13613,13612,13617,13616,13615,
13658	13701,13702,13700,13705,13706,13703,13704,13659,13666,13667,
13695	13701,13702,13700,13705,13706,13703,13704,13697,13698,13696,
13718	40723,40724,40722,30275,19837,22540,18450,13648,13649,22450,
13719	31019,37841,42205,19497,40661,40266,40269,40621,19466,38241,
13738	13739,13742,13741,13740,
13745	13751,13750,13753,13752,13754,13749,13748,13747,13746,
13777	13779,13778,13787,13788,13789,13783,13784,13785,13786,13780,
13802	13857,13858,13859,13853,13854,13855,13856,13850,13851,13852,
13838	13857,13858,13859,13853,13854,13855,13856,13850,13851,13852,
13905	39248,43738,25099,48805,27285,24585,49719,4057,49018,
14035	40235,40236,48453,
14080	23644,23695,14241,23668,23666,14209,14214,23613,23610,23617,
14345	22528,28020,41062,40341,41796,41765,25729,30456,32645,11860,
14355	3685,23043,39005,39006,39007,39008,39009,39012,39011,39010,
14357	35740,15757,40344,23508,41703,23569,27601,18351,25187,44446,
14360	22199,
14369	19550,48897,38698,
14466	14476,14477,14478,14479,14471,14470,14473,14472,14475,14474,
14541	14571,14570,14564,14565,14566,14567,14568,14569,14561,14560,
14552	14571,14570,14564,14565,14566,14567,14568,14569,14561,14560,
14565	14571,14570,14566,14567,14568,14569,
14575	14576,
14612	14616,14617,14618,14619,14613,14614,14615,14620,
14619	14620,
14784	14789,14788,14785,14787,14786,
14787	14789,14788,
14866	33521,
14874	14880,14881,14882,14884,14883,14886,14885,14888,14887,14889,
14876	14880,14881,14882,14884,14883,14886,14885,14888,14887,14889,
14882	14884,14883,14886,14885,14888,14887,14889,14892,14893,14890,
14903	14904,14905,14906,14907,14908,14909,14918,14917,14919,14914,
14944	14949,14948,14947,14946,14945,14953,14954,14955,14956,14950,
14950	14953,14954,14955,14956,14951,14952,14957,14958,14959,14964,
14952	14953,14954,14955,14956,14957,14958,14959,14964,14962,14963,
14961	14964,14962,14963,
14975	34740,
15007	15010,15011,15012,15013,15014,15009,15008,
15068	18058,33316,39125,46505,
15100	15120,15121,15118,15119,15114,15115,15116,15117,15111,15110,
15219	15223,15222,15221,15220,
15260	15270,15275,15276,15271,15272,15273,15274,15266,15267,15264,
15342	15350,15344,15343,15349,15347,15348,15345,15346,
15366	15396,15397,15398,15399,15392,15393,15394,15395,15390,15391,
15404	15406,15407,15405,
15503	15520,15529,15523,15524,15521,15522,15527,15528,15525,15526,
15517	15520,15529,15523,15524,15521,15522,15527,15528,15525,15526,
15522	15529,15523,15524,15527,15528,15525,15526,15531,15530,15532,
15526	15529,15527,15528,15531,15530,15532,15533,15534,15535,15536,
15535	15536,15537,15538,15539,15542,15541,15540,15549,15547,15548,
15537	15538,15539,15542,15541,15540,15549,15547,15548,15545,15546,
15543	15549,15547,15548,15545,15546,15544,15551,15550,15553,15552,
15550	15551,15553,15552,15558,15559,15554,15555,15556,15557,15566,
15554	15558,15559,15555,15556,15557,15566,15565,15568,15567,15569,
15558	15559,15566,15565,15568,15567,15569,15560,15561,15562,15563,
15565	15566,15568,15567,15569,15579,15578,15577,15576,15570,15571,
15569	15579,15578,15577,15576,15570,15571,15574,15575,15572,15573,
15572	15579,15578,15577,15576,15574,15575,15573,15588,15587,15589,
15578	15579,15588,15587,15589,15583,15584,15585,15586,15580,15581,
15580	15588,15587,15589,15583,15584,15585,15586,15581,15582,15594,
15582	15588,15587,15589,15583,15584,15585,15586,15594,15592,15593,
15590	15594,15592,15593,15591,
15592	15594,15593,
15605	15606,
15638	15639,15644,15645,15642,15643,15646,15641,15640,
15651	15653,15654,15655,15656,15657,15652,
15725	15726,15729,15728,15727,15731,15730,15733,15732,15735,15734,
15764	15765,15766,15767,15768,
15767	15768,
15780	15781,
15850	15882,15883,15880,15881,15884,15870,15872,15871,15877,15878,
15854	15882,15883,15880,15881,15884,15870,15872,15871,15877,15878,
15866	15882,15883,15880,15881,15884,15870,15872,15871,15877,15878,
15958	15960,15963,15964,15961,15962,15965,15959,
16171	16172,
1622	1626,1625,1628,1627,1629,1624,1623,1634,1633,1632,
16227	16235,16234,16233,16232,16231,16230,16238,16239,16236,16237,
16301	16302,16303,49587,
16303	49587,
1631	1634,1633,1632,
16368	16369,16370,16376,16375,16377,16372,16371,16374,16373,
16450	16460,16461,16462,16463,16464,16459,16458,16457,16456,16451,
16502	16503,16504,
16617	16619,16618,
16618	16619,
16790	20056,28013,31333,18343,42470,22224,
16815	16816,
16870	16902,16903,16900,16901,16908,16909,16906,16907,16904,16905,
16964	41808,45131,29741,43506,43593,49012,17022,29260,
17056	17071,17072,17073,17070,17068,17069,17066,17067,17064,17065,
17076	17079,17077,17078,
17100	17101,17102,17103,
17147	17153,17152,17151,17150,17148,17149,
17174	17176,17175,
17209	17260,17261,17264,17265,17262,17263,17268,17269,17266,17267,
17230	17260,17261,17264,17265,17262,17263,17268,17269,17266,17267,
17263	17264,17265,17268,17269,17266,17267,17270,
17279	41025,48327,22962,39762,48965,48971,41311,31837,13402,41626,
17314	17319,17318,17317,17316,17315,17330,17331,17320,17321,17322,
17316	17319,17318,17317,17330,17331,17320,17321,17322,17323,17324,
17319	17330,17331,17320,17321,17322,17323,17324,17326,17325,17328,
17321	17330,17331,17322,17323,17324,17326,17325,17328,17327,17329,
17384	17385,17386,
17413	17414,
17422	17433,17431,17432,17430,17429,17428,17425,17424,17427,17426,
17430	17433,17431,17432,
17431	17433,17432,
17480	17489,17488,17487,17486,17485,17484,17483,17482,17481,17497,
17496	17497,15441,
17513	17518,17519,17516,17517,17514,17515,17536,17537,17534,17535,
17533	17536,17537,17534,17535,17538,17539,17550,17549,17546,17545,
17538	17539,17550,17549,17546,17545,17548,17547,17541,17542,17543,
17543	17550,17549,17546,17545,17548,17547,17544,
17546	17550,17549,17548,17547,
17571	17580,17584,17583,17582,17581,17588,17587,17586,17585,17589,
17585	17588,17587,17586,17589,17591,17590,
17590	17591,
17715	17717,
17794	17797,17796,17795,17798,17799,17800,
17867	39626,
17885	17887,17886,17889,17888,
17906	17909,17908,17907,17913,17912,17915,17914,17911,17910,17917,
17921	17922,17926,17925,17924,17923,17929,17928,17927,17931,17930,
17934	17935,17937,17936,17938,
17939	20472,18433,20531,20542,21170,21172,21171,21174,21173,21175,
17964	17965,17966,17969,17967,17968,
17966	17969,17967,17968,
17988	17989,
18041	22535,43098,
18104	18105,
18144	18145,
18214	18220,18217,18216,18219,18218,18215,
18259	30794,
18419	18425,18426,18422,18421,18424,18423,18420,
18540	23672,23674,23668,23669,44867,35758,44857,41844,32042,23610,
18571	18575,18574,18573,18572,
18633	18643,18641,18642,18640,18639,18638,18635,18634,18637,18636,
18635	18643,18641,18642,18640,18639,18638,18637,18636,
1878	1892,1893,1889,1886,1885,1888,1887,1882,1881,1884,
18850	18854,18855,18856,18851,18853,18852,
18885	18888,18887,18886,
18890	48792,41407,36745,37195,43349,37735,43114,
18922	44049,18924,18925,18926,18923,
18941	18942,18943,18944,18945,18946,18947,18948,18949,18950,18951,
18943	18944,18945,18946,18947,18948,18949,18950,18951,18952,
18960	33917,
18981	19008,19006,19007,19004,19005,19002,19003,19000,19001,18994,
18997	19008,19006,19007,19004,19005,19002,19003,19000,19001,18999,
19005	19008,19006,19007,
19048	19091,19092,19080,19081,19082,19083,19084,19085,19086,19087,
19065	19091,19092,19080,19081,19082,19083,19084,19085,19086,19087,
19090	19091,19092,
19100	39631,7566,39662,33532,42714,48912,48898,26267,44495,2394,
19136	19105,19143,19197,25035,34159,23506,19212,
19224	19228,19229,19225,19227,19226,19239,19230,19234,19233,19232,
19228	19229,19239,19230,19234,19233,19232,19231,19238,19237,19236,
19245	19248,19249,19246,19247,19253,19250,19251,19252,
19276	19306,19305,19308,19307,19309,19300,19301,19302,19303,19304,
19393	19414,19413,19412,19411,19410,19419,19417,19418,19415,19416,
19413	19414,19419,19417,19418,19415,19416,19432,19431,19430,19436,
19415	19419,19417,19418,19416,19432,19431,19430,19436,19435,19434,
19425	19432,19431,19430,19436,19435,19434,19433,19439,19437,19438,
19468	19509,19508,19507,19506,19505,19504,19503,19501,19502,19500,
19498	19509,19508,19507,19506,19505,19504,19503,19501,19502,19500,
19590	32457,41069,41847,32447,36261,48219,26114,42211,30327,40648,
19766	19791,19790,19795,19794,19793,19792,19796,19789,19780,19782,
19782	19791,19790,19795,19794,19793,19792,19796,19789,19784,19783,
19805	19807,19806,
19810	19817,19816,19815,19814,19813,19812,19811,13533,13535,
19816	19817,
1983	1986,1984,1985,
19883	19886,19887,19884,19885,19889,19888,19891,19892,19893,19894,
19923	19976,19977,19975,19974,19973,19972,19971,19970,19969,19965,
19940	19976,19977,19975,19974,19973,19972,19971,19970,19969,19965,
19962	19976,19977,19975,19974,19973,19972,19971,19970,19969,19965,
19967	19976,19977,19975,19974,19973,19972,19971,19970,19969,19968,
19971	19976,19977,19975,19974,19973,19972,
19997	20041,20040,20046,20047,20048,20049,20042,20043,20044,20045,
20000	20041,20040,20046,20047,20048,20049,20042,20043,20044,20045,
20015	20041,20040,20046,20047,20048,20049,20042,20043,20044,20045,
20037	20041,20040,20046,20047,20048,20049,20042,20043,20044,20045,
20221	20245,20244,20247,20246,20241,20240,20243,20242,20249,20248,
20228	20245,20244,20247,20246,20241,20240,20243,20242,20249,20248,
20274	20281,20280,20282,20279,20277,20278,20275,20276,
20296	20297,20298,20299,20375,20374,20373,20372,20378,20377,20376,
20317	20375,20374,20373,20372,20378,20377,20376,20370,20371,20369,
20334	20375,20374,20373,20372,20378,20377,20376,20370,20371,20369,
20350	20375,20374,20373,20372,20378,20377,20376,20370,20371,20369,
20365	20375,20374,20373,20372,20378,20377,20376,20370,20371,20369,
20394	20372,20395,
20421	20439,20436,20435,20438,20437,20432,20431,20434,20433,20430,
20461	20469,20468,20463,20462,20467,20466,20465,20464,20470,20477,
20494	20495,20496,20499,20497,20498,20500,20506,20505,20508,20507,
20530	30223,25054,32231,37981,49569,31224,43063,
20560	33564,32481,20583,20565,20564,20568,34236,46079,
20580	41014,31791,31780,31756,25405,27813,33608,37631,22291,33498,
20612	30214,22921,22928,28868,28867,23687,32030,32004,22981,23586,
20614	30280,30279,47837,47852,21263,21266,21265,24147,40413,42563,
20641	20642,20643,20648,20646,20647,20644,20645,
20647	20648,
20649	20650,20651,20652,20653,20654,20655,20656,20657,20658,20659,
20677	20678,20679,20689,20688,20687,20686,20685,20684,20683,20682,
20680	20689,20688,20687,20686,20685,20684,20683,20682,20681,20690,
20719	20720,20722,20721,
20767	20768,
20777	46214,
20797	20806,20807,20808,20809,20810,20812,20811,20814,20813,20815,
20805	20806,20807,20808,20809,20810,20812,20811,20814,20813,20815,
20842	20853,20854,20855,20856,20857,20858,20850,20851,20852,20848,
20887	20909,20905,20906,20907,20908,20913,20912,20915,20914,20911,
20916	20918,20919,20917,20926,20925,20924,20923,20922,20921,20920,
20962	20965,20963,20964,
21101	21106,21107,21108,21109,21102,21103,21104,21105,21110,
21140	21143,21142,21145,21144,21147,21146,21149,21148,21141,21156,
21214	21215,21218,21219,21216,21217,21220,21221,21222,21223,21224,
21220	21221,21222,21223,21224,21225,
21224	21225,
21268	34211,44310,27417,
21270	23682,47703,31451,46591,31381,26815,44717,26909,46007,39171,
21419	21438,21439,21436,21437,21430,21431,21434,21435,21432,21433,
21438	21439,21460,21461,21455,21454,21457,21456,21451,21450,21453,
21519	21533,21534,21531,21532,21530,21539,21537,21538,21535,21536,
2152	2153,2154,2155,2159,2158,2157,2156,2161,2162,2160,
21530	21533,21534,21531,21532,21539,21537,21538,21535,21536,21551,
21541	21551,21552,21550,21542,21543,21544,21545,21546,21547,21548,
21568	21576,21575,21577,21572,21571,21574,21573,21570,21569,
21616	21618,21617,
21724	21726,21727,21728,21729,21725,21739,21737,21738,21735,21736,
21726	21727,21728,21729,21739,21737,21738,21735,21736,21733,21734,
21729	21739,21737,21738,21735,21736,21733,21734,21731,21732,21730,
21749	21757,21758,21755,21756,21750,21753,21754,21751,21752,
21799	21800,
21943	49353,27316,35868,24585,24620,40474,
22032	22088,22089,22083,22082,22081,22080,22087,22086,22085,22084,
22035	22088,22089,22083,22082,22081,22080,22087,22086,22085,22084,
22039	22088,22089,22083,22082,22081,22080,22087,22086,22085,22084,
22047	22088,22089,22083,22082,22081,22080,22087,22086,22085,22084,
22062	22088,22089,22083,22082,22081,22080,22087,22086,22085,22084,
22080	22088,22089,22083,22082,22081,22087,22086,22085,22084,8154,
22120	22129,22125,22126,22127,22128,22121,22122,22123,22124,22131,
22212	22221,22220,22223,22222,22225,22224,22216,22215,22214,22213,
22218	22221,22220,22223,22222,22225,22224,22219,
22226	25791,28006,
22227	38119,23406,47535,45290,28958,47543,22606,
22280	22323,22324,22320,22321,22322,22314,22315,22312,22313,22310,
22350	22358,22357,22356,22355,22354,22353,22352,22351,
22390	22403,22402,22401,22400,22405,22404,22396,22397,22398,22399,
22392	22403,22402,22401,22400,22405,22404,22396,22397,22398,22399,
22475	22492,22491,22493,22490,22480,22481,22482,22483,22489,22488,
22482	22492,22491,22493,22490,22483,22489,22488,22485,22484,22487,
22497	22498,
22523	22529,22528,22527,22526,22525,22524,20924,20934,22570,22571,
22554	22570,22571,22575,22574,22573,22572,22576,22560,22565,22566,
22569	22570,22571,22575,22574,22573,22572,22576,
22570	22571,22575,22574,22573,22572,22576,
22584	33990,24691,24683,24686,23175,47746,45602,40347,25801,30328,
22585	49948,47810,32178,27129,27115,27119,27107,27109,27102,27067,
22627	22679,22676,22675,22678,22677,22672,22671,22674,22673,22670,
22643	22679,22676,22675,22678,22677,22672,22671,22674,22673,22670,
22665	22679,22676,22675,22678,22677,22672,22671,22674,22673,22670,
22687	22688,
22696	33275,22699,
22725	22728,22727,22729,22726,22730,22731,
22739	15778,22745,22746,22747,22740,22741,22742,22743,22744,
22753	22758,22756,22757,22754,22755,
22770	22771,
22816	22817,
22834	22850,22853,22854,22851,22852,22857,22858,22855,22856,22859,
22861	22862,22863,22864,22865,22866,22867,22868,22869,
22892	22894,22893,22896,22895,
22894	22896,22895,
22948	22978,22979,22976,22977,22970,22971,22974,22975,22972,22973,
22986	22987,22988,22989,22998,22999,22996,22997,22994,22995,22992,
22992	22998,22999,22996,22997,22994,22995,22993,23000,23002,23001,
23000	23002,23001,23004,23003,23005,
23042	22919,19106,32416,42633,42624,49873,48217,23587,22940,22943,
23086	23569,25187,42556,
23144	23145,23146,
23145	23146,
23157	23159,23158,
23181	23205,23206,23203,23204,23201,23202,23200,23209,23207,23208,
23233	23239,23238,23237,23236,23235,23234,23240,23241,23242,
23237	23239,23238,23240,23241,23242,
2326	21077,42693,34345,19011,19033,44452,18539,8859,4742,
23280	23293,23292,23291,23290,23295,23294,23287,23288,23289,23282,
23292	23293,23295,23294,
23299	23308,23306,23307,23300,23301,23304,23305,23302,23303,
23320	23322,23321,
23353	23364,23360,23361,23362,23363,23359,23358,23357,23356,23355,
23374	23421,23422,23420,23425,23426,23423,23424,23429,23427,23428,
23416	23421,23422,23420,23425,23426,23423,23424,23429,23427,23428,
23420	23421,23422,23425,23426,23423,23424,23429,23427,23428,
23463	23467,23464,23465,23466,
23533	23534,23535,23536,23537,23538,23539,23541,23540,
23620	27086,
23710	23711,
23823	32435,40621,36183,36190,23830,39809,49609,25276,32365,
23832	32457,32425,32429,32423,32417,32412,32448,32440,49840,32806,
23843	23850,23844,23849,23846,23845,23848,23847,15420,
23925	23929,23928,23927,23926,23930,23932,23931,23938,23937,23939,
23962	23968,23969,23966,23967,23964,23965,23963,23977,23978,23979,
23985	23986,
24009	24010,
2404	2405,
24040	24048,24049,24046,24047,24041,24045,24044,24043,24042,24057,
24078	24079,24080,24081,
24084	24085,
24123	24130,24124,24126,24125,24128,24127,24129,
24171	24175,24174,24177,24176,24173,24172,24178,24179,24180,24187,
24185	24187,24186,
24191	24192,24193,24194,24195,24196,24197,24198,24199,24208,24209,
24193	24194,24195,24196,24197,24198,24199,24208,24209,24200,24201,
24221	24226,24227,24228,24229,24222,24223,24224,24225,24236,24235,
24241	24245,24244,24247,24246,24249,24248,24242,24243,24250,
24287	24288,24289,24296,24295,24297,24292,24291,24294,24293,24290,
24289	24296,24295,24297,24292,24291,24294,24293,24290,
24290	24296,24295,24297,24292,24291,24294,24293,
24292	24296,24295,24297,24294,24293,
24294	24296,24295,24297,
24296	24297,
24320	24327,24328,24325,24326,24323,24324,24321,24322,
24340	24345,24346,24343,24344,24349,24347,24348,24342,24341,24355,
24366	24369,24368,24367,
24466	24467,24468,24469,24471,24472,24470,
2447	2448,2449,2450,2452,2451,
2450	2452,2451,
24507	24509,24508,
24515	24592,24593,24594,24595,24590,24591,24597,24596,24598,24562,
24532	24592,24593,24594,24595,24590,24591,24597,24596,24598,24562,
24536	24592,24593,24594,24595,24590,24591,24597,24596,24598,24562,
24599	33995,29095,44899,44828,24719,33641,24645,24668,29442,47441,
24638	33559,33995,24697,24698,24686,24647,24655,35071,
24649	41827,24671,38132,31757,34649,26520,33637,33635,33636,42344,
24666	29513,28818,33075,41442,49946,49849,40342,24700,42241,45681,
24675	18001,45694,45689,45466,26419,
24688	24711,31309,31308,31307,31306,31305,31304,31303,31302,31301,
24690	28605,
24728	10052,41827,24738,14154,29456,8694,40513,39090,35543,35071,
24755	25772,25764,28818,33603,33610,43837,43969,43522,43074,
24759	33956,33957,33954,33955,33958,33959,33952,33953,33950,33951,
24760	33559,33990,33995,43728,9773,24727,24701,29130,23509,24587,
24781	24788,24787,24789,24784,24783,24786,24785,24782,24799,24798,
24831	24841,24840,24843,24842,24838,24837,24836,24835,24839,24834,
24842	24843,
24862	33063,40633,48538,43593,
2492	2499,2498,2497,2493,2494,2495,2496,
24922	24926,45879,
24928	43482,40736,43456,42277,34189,34164,46588,44589,29869,28388,
2498	2499,
25010	49929,
25079	25089,25088,25087,25086,25085,25084,25083,25082,25081,25080,
25082	25089,25088,25087,25086,25085,25084,25083,25091,25090,
25216	25229,25227,25228,25225,25226,25223,25224,25222,25221,25220,
25248	25263,25264,25265,25266,25260,25261,25262,25249,25250,25251,
25251	25263,25264,25265,25266,25260,25261,25262,25254,25255,25252,
25259	25263,25264,25265,25266,25260,25261,25262,
25303	25307,25306,25305,25304,25309,25308,25310,
25309	25310,
25335	25336,25337,25338,25339,25348,25349,25346,25347,25344,25345,
25341	25348,25349,25346,25347,25344,25345,25343,25342,25350,
25347	25348,25349,25350,
25472	25473,
25590	25618,25619,25616,25617,25614,25615,25612,25613,25610,25611,
25592	25618,25619,25616,25617,25614,25615,25612,25613,25610,25611,
25663	25675,25673,25672,25670,25665,25666,25688,
25666	25675,25673,25672,25670,25688,
25895	47788,
2592	2597,2596,2593,2594,2595,
25943	25969,25968,25963,25962,25961,25960,25967,25966,25965,25964,
25966	25969,25968,25967,25979,25972,25971,25974,25973,25976,25975,
25969	25979,25972,25971,25974,25973,25976,25975,25978,25977,25970,
25978	25979,25989,25988,25987,25986,25985,25984,25983,25982,25980,
25981	25989,25988,25987,25986,25985,25984,25983,25982,25994,25993,
26129	26141,26142,26140,26145,26146,26143,26144,26147,26130,26131,
26209	26210,26211,
26316	26320,26321,26322,26324,26323,26319,26318,26317,
26318	26320,26321,26322,26324,26323,26319,
26350	26369,26367,26368,26366,26365,26364,26363,26362,26361,26360,
26381	26396,26397,26398,26399,26392,26393,26394,26395,26390,26391,
26393	26396,26397,26398,26399,26394,26395,26408,26409,26404,26405,
26411	26420,26421,26422,26414,26413,26412,26418,26417,26416,26415,
26452	26460,26455,26456,26457,26458,26459,26454,26453,
26478	26480,27919,26479,
26491	26492,
26515	26534,26535,26532,26533,26538,26539,26536,26537,26531,26530,
26530	26534,26535,26532,26533,26538,26539,26536,26537,26531,26540,
26533	26534,26535,26538,26539,26536,26537,26540,26541,
26560	26570,26571,26572,26573,26574,26575,26576,26569,26565,26566,
26614	26616,26615,
26615	26616,
26813	26840,26837,26838,26839,26830,26831,26832,26833,26834,26835,
26818	26840,26837,26838,26839,26830,26831,26832,26833,26834,26835,
26830	26840,26837,26838,26839,26831,26832,26833,26834,26835,26836,
26837	26840,26838,26839,
26839	26840,
26842	26848,26849,26843,26846,26847,26844,26845,
26945	26947,26948,
26967	26970,26971,26979,26978,26977,26976,26975,26974,26973,26972,
27003	27004,
27021	27026,27025,27024,27023,27022,27029,27027,27028,27035,27034,
27039	27044,27043,27042,27041,27048,27047,27046,27045,27040,27049,
27045	27048,27047,27046,27049,27053,27052,27055,27054,27057,27056,
27056	27057,27058,
27085	27131,27132,27130,27127,27126,27129,27128,27122,27123,27124,
271	272,274,273,275,276,277,278,279,
27100	27131,27132,27130,27127,27126,27129,27128,27122,27123,27124,
27192	27193,
27237	27239,27238,27243,27244,27245,27246,27240,27241,27242,27248,
27246	27248,27247,
27320	27334,27333,27332,27331,27330,27335,27336,27321,27323,27322,
27341	27371,
27349	27379,27268,
27377	29003,27379,41777,38698,45825,41172,46033,28553,
27390	27392,27391,27393,
27399	27469,27467,27468,27462,27461,27460,27466,27465,27464,27463,
27411	27469,27467,27468,27462,27461,27460,27466,27465,27464,27463,
27415	27469,27467,27468,27462,27461,27460,27466,27465,27464,27463,
27425	27469,27467,27468,27462,27461,27460,27466,27465,27464,27463,
27428	27469,27467,27468,27462,27461,27460,27466,27465,27464,27463,
27438	27469,27467,27468,27462,27461,27460,27466,27465,27464,27463,
27460	27469,27467,27468,27462,27461,27466,27465,27464,27463,27471,
27476	27477,
27489	27508,27509,27500,27501,27502,27503,27504,27505,27506,27507,
27530	27532,27531,27535,27533,27534,
27619	27621,27622,27623,27624,27625,27626,27627,27620,
27642	34161,49584,30144,34536,34933,
27702	27703,27705,27704,27707,27706,27709,27708,27712,27711,27710,
27704	27705,27707,27706,27709,27708,27712,27711,27710,27716,27715,
27710	27712,27711,27716,27715,27714,27713,27719,27718,27717,27721,
27753	27780,27781,27784,27785,27782,27783,27789,27788,27787,27786,
2776	2777,2779,2778,2780,2781,
27777	27780,27781,27784,27785,27782,27783,27789,27788,27787,27786,
27803	27816,27817,27810,27811,27812,27813,27814,27815,27807,27808,
27827	30222,46166,46167,41811,41068,35724,41491,41099,41407,41406,
27833	46131,46130,46132,46110,46111,46113,46112,46115,46114,46117,
27961	27972,27971,27970,27977,27978,27975,27976,27973,27974,27966,
27988	28011,28010,28002,28003,28004,28005,28000,28001,28007,28006,
27991	28011,28010,28002,28003,28004,28005,28000,28001,28007,28006,
27999	28011,28010,28002,28003,28004,28005,28000,28001,28007,28006,
2800	2830,2831,2827,2826,2825,2824,2829,2828,2823,2822,
28003	28011,28010,28004,28005,28007,28006,28009,28008,
2801	2830,2831,2827,2826,2825,2824,2829,2828,2823,2822,
28022	28040,28030,28038,28037,28036,28035,28034,28033,28032,28031,
28030	28040,28038,28037,28036,28035,28034,28033,28032,28031,28039,
28037	28040,28038,28039,
2804	2830,2831,2827,2826,2825,2824,2829,2828,2823,2822,
28044	28061,28060,28063,28062,28064,28052,28051,28050,28056,28055,
28051	28061,28060,28063,28062,28064,28052,28056,28055,28054,28053,
28057	28061,28060,28063,28062,28064,28059,28058,
28062	28063,28064,
28185	28186,28188,28187,
28216	28217,28218,
28217	28218,
28220	28253,28254,28251,28252,28255,28256,28250,28249,28248,28244,
28232	28253,28254,28251,28252,28255,28256,28250,28249,28248,28244,
28290	28294,28293,28292,28291,28295,
28575	28576,
28618	28627,28626,28623,28622,28625,28624,28620,28621,28619,
28656	28703,28702,28701,28700,28665,28664,28663,28662,28661,28660,
28686	28703,28702,28701,28700,28690,28695,28696,28697,28698,28691,
28716	28731,28730,28736,28737,28738,28739,28732,28733,28734,28735,
28774	28777,28776,28775,
28834	28835,28836,28837,28838,28839,28841,28840,28844,28845,28842,
2893	20471,43428,3736,48243,48224,28972,6108,
29013	29020,29026,29025,29028,29027,29022,29021,29024,29023,29029,
29065	29069,29067,29068,29066,29076,29077,29072,29073,29074,29075,
29136	29137,
29174	29175,29176,29177,29178,29179,29184,29185,29182,29183,29180,
29200	29240,29243,29244,29241,29242,29216,29217,29218,29219,29213,
29205	29240,29243,29244,29241,29242,29216,29217,29218,29219,29213,
29213	29240,29243,29244,29241,29242,29216,29217,29218,29219,29215,
29231	29240,29243,29244,29241,29242,29238,29239,29233,29232,29235,
29293	29300,29301,29302,29303,29309,29308,29305,29304,29307,29306,
29349	29362,29363,29360,29361,29359,29350,29352,29351,29354,29353,
29369	29377,29378,29379,29373,29374,29375,29376,29370,29371,29372,
29370	29377,29378,29379,29373,29374,29375,29376,29371,29372,
29503	29506,29507,29508,29509,29504,29505,29513,29512,29511,29510,
29527	29531,48861,32975,47770,39215,36137,48924,48918,41785,42878,
29557	43293,43224,49644,35494,43102,
29569	29817,
29686	47245,27331,27367,27362,27283,12702,31310,11575,
29702	29715,29716,29717,29718,29711,29712,29713,29714,29710,29708,
29790	28867,46125,44849,43048,33139,33186,24602,18338,23065,34390,
29818	33026,35722,43313,33466,35633,35621,35560,
29837	33063,33507,43342,43372,29872,43250,32198,34010,35579,
30004	43754,30536,
30038	30039,30040,30044,30043,30042,30041,30048,30047,30046,30045,
30050	30051,30057,30056,30059,30058,30053,30052,30055,30054,30061,
30073	30074,30075,30076,
30136	30139,30137,30138,
30183	30201,30202,30200,30189,30188,30187,30186,30185,30184,30190,
30216	30220,30223,30224,30221,30222,30227,30228,30225,30226,30229,
30218	30220,30223,30224,30221,30222,30227,30228,30225,30226,30229,
30224	30227,30228,30225,30226,30229,30250,30249,30248,30247,30246,
30239	30250,30249,30248,30247,30246,30245,30244,30243,30242,30241,
30240	30250,30249,30248,30247,30246,30245,30244,30243,30242,30241,
3029	3031,3030,
30292	30296,30297,30294,30295,30298,30299,30293,30301,30300,30306,
30438	30472,
30467	32401,31275,
30497	30498,
30514	30518,30517,30516,30515,30519,30521,30520,
30545	30600,30601,27522,30596,30595,30598,30597,30592,30591,30594,
30549	30600,30601,27522,30596,30595,30598,30597,30592,30591,30594,
30570	30600,30601,30596,30595,30598,30597,30592,30591,30594,30593,
30572	30600,30601,30596,30595,30598,30597,30592,30591,30594,30593,
30582	30600,30601,30596,30595,30598,30597,30592,30591,30594,30593,
30592	30600,30601,30596,30595,30598,30597,30594,30593,30599,
30599	30600,30601,
306	314,312,313,310,311,308,307,309,
30600	30601,
30650	30690,30673,30672,30675,30674,30671,30670,30677,30676,30679,
30657	30690,30673,30672,30675,30674,30671,30670,30677,30676,30679,
30659	30690,30673,30672,30675,30674,30671,30670,30677,30676,30679,
30665	30690,30673,30672,30675,30674,30671,30670,30677,30676,30679,
30671	30690,30673,30672,30675,30674,30677,30676,30679,30678,30686,
30675	30690,30677,30676,30679,30678,30686,30685,30684,30683,30682,
30679	30690,30686,30685,30684,30683,30682,30681,30680,30689,30688,
30683	30690,30686,30685,30684,30689,30688,30687,
30685	30690,30686,30689,30688,30687,
30726	30727,30728,
30763	30870,33453,36383,39948,
30886	30889,30915,30911,
30894	32480,44828,48207,13873,10824,45066,45056,3456,5937,48510,
30897	34225,36662,35791,15307,22069,35800,28352,35894,20500,23478,
30917	30921,
31130	31139,31138,31133,31132,31131,31137,31136,31135,31134,31142,
31150	31163,31164,31165,31166,31167,31168,31169,31160,31162,31161,
31173	31176,31177,31174,31175,
31272	31309,31308,31307,31306,31305,31304,31303,31302,31301,31300,
3130	3133,3132,3131,
31342	31345,31346,31343,31344,31347,31348,
31344	31345,31346,31347,31348,
31372	13105,13133,19834,31401,31400,31405,31404,31403,31402,31409,
31384	13105,13133,19834,31401,31400,31405,31404,31403,31402,31409,
3139	3200,3201,3202,3203,3204,3205,3206,3207,3208,3209,
31397	31401,31400,31405,31404,31403,31402,31409,31408,31407,31406,
31399	31401,31400,31405,31404,31403,31402,31409,31408,31407,31406,
31403	31405,31404,31409,31408,31407,31406,31410,31412,31411,31414,
31425	41803,46279,35857,35847,49969,49643,35089,41628,38787,40492,
31430	46792,42727,42730,42768,42766,38266,31978,
31441	42364,
31777	31798,31799,31792,31793,31790,31791,31796,31797,31794,31795,
31792	31798,31799,31793,31796,31797,31794,31795,31800,31801,31804,
3180	3200,3201,3202,3203,3204,3205,3206,3207,3208,3209,
31806	31807,31809,31808,31810,31811,31812,
31810	31811,31812,
31911	31914,31915,31912,31913,
31917	31926,
31927	31929,
31930	38086,
31959	31992,31993,31994,31995,31990,31991,31996,31997,31998,31999,
31992	31993,31994,31995,31996,31997,31998,31999,33006,
32025	32029,32026,32027,32028,32031,32030,32038,32039,32036,32037,
32037	32038,32039,32040,32042,32041,32047,32048,32049,32043,32044,
32066	32077,32076,32079,32078,32070,32071,32072,32073,32074,32075,
3214	3218,3219,3216,3217,3215,3222,3221,3220,3227,3228,
32206	32022,32133,32216,
32277	32035,49895,49894,49893,32058,32210,32278,32284,32283,
3228	3229,3231,3230,
32318	32319,32324,32325,32322,32323,32320,32321,32328,32329,32326,
32399	32425,32420,32424,32423,32422,32421,32415,32414,32417,32416,
324	325,
32407	32425,32420,32424,32423,32422,32421,32415,32414,32417,32416,
32415	32425,32420,32424,32423,32422,32421,32417,32416,32419,32418,
32431	46361,
32442	33026,32452,47747,40953,33466,35560,
32446	40242,38685,
32468	32469,32471,32470,32472,32473,
32472	32473,
32511	32581,32580,32570,32579,32573,32574,32571,32572,32577,32578,
32545	32581,32580,32570,32579,32573,32574,32571,32572,32577,32578,
32556	32581,32580,32570,32579,32573,32574,32571,32572,32577,32578,
32577	32581,32580,32579,32578,
32614	32621,32622,32620,32625,32623,32624,32615,32616,32617,32618,
32617	32621,32622,32620,32625,32623,32624,32618,32619,
32646	32649,32647,32648,32669,32668,32667,32662,32661,32660,32666,
32654	32669,32668,32667,32662,32661,32660,32666,32665,32664,32663,
32662	32669,32668,32667,32666,32665,32664,32663,32671,32670,
32724	32725,
3280	3281,
32844	43046,47770,36120,49971,34278,46086,36878,
32856	35768,35374,
3289	3291,3290,3295,3294,3293,3292,3299,3298,3297,3296,
32983	32987,32986,32989,32988,32985,32984,32999,32998,32997,32992,
32999	33009,33008,33005,33004,33007,33006,33001,33000,33003,33002,
3302	3303,
33058	33059,33082,33083,33080,33081,33086,33087,33084,33085,33089,
33088	33089,33090,33091,33092,33093,33094,33095,33096,33097,33098,
33110	34208,46194,42633,42676,34145,34320,35436,41770,45583,43923,
33150	33151,33153,33152,33158,33159,33154,33155,33156,33157,33160,
33158	33159,33160,33164,33163,33162,33161,33167,33168,33165,33166,
33161	33164,33163,33162,33167,33168,33165,33166,33169,33171,33170,
33163	33164,33167,33168,33165,33166,33169,33171,33170,33173,33172,
33172	33173,33175,33174,
33184	33185,
33283	33340,33341,33342,33308,33307,33306,33305,33309,33300,33304,
33286	33340,33341,33342,33308,33307,33306,33305,33309,33300,33304,
33292	33340,33341,33342,33308,33307,33306,33305,33309,33300,33304,
33297	33340,33341,33342,33308,33307,33306,33305,33309,33300,33304,
33315	33340,33341,33342,33317,33316,33319,33318,33329,33328,33327,
33318	33340,33341,33342,33319,33329,33328,33327,33326,33325,33324,
33352	45602,45653,45687,45489,36153,41383,41382,36163,45514,48444,
334	335,
33417	33447,33446,33445,33444,33443,33442,33441,33440,33449,33448,
3343	3378,3377,3379,3360,3361,3362,3363,3364,3365,3356,
33437	33447,33446,33445,33444,33443,33442,33441,33440,33449,33448,
33457	33458,33459,
33481	33540,33500,33501,33502,33503,33504,33505,33506,33507,33508,
33484	33540,33500,33501,33502,33503,33504,33505,33506,33507,33508,
33504	33540,33505,33506,33507,33508,33509,33512,33513,33510,33511,
33511	33540,33512,33513,33516,33517,33514,33515,33518,33519,33521,
33516	33540,33517,33518,33519,33521,33522,33523,33524,33520,33529,
33519	33540,33521,33522,33523,33524,33520,33529,33525,33526,33527,
33533	33540,33534,33535,33538,33539,33536,33537,
33572	33577,33576,33579,33578,33573,33575,33574,33585,33586,33583,
33633	41827,35748,43459,47743,42292,35245,46251,39721,46357,40510,
33638	41778,38737,45426,40484,
33642	39045,39048,39027,33800,
33660	37099,37085,36695,37079,34200,36698,36679,36683,36666,36669,
33662	33689,33688,33687,33686,33685,33684,33683,33682,33680,33681,
33683	33689,33688,33687,33686,33685,33684,33698,33697,33699,33694,
33689	33698,33697,33699,33694,33693,33696,33695,33690,33691,33692,
33692	33698,33697,33699,33694,33693,33696,33695,33701,33702,33703,
33698	33699,33701,33702,33703,33704,33705,33700,
33737	33740,33742,33741,33744,33743,33746,33745,33748,33747,33738,
33751	33755,33754,33753,33752,33759,33758,33757,33756,33777,33776,
33811	33872,33871,33870,33876,33875,33874,33873,33867,33866,33869,
33844	33872,33871,33870,33876,33875,33874,33873,33867,33866,33869,
33846	33872,33871,33870,33876,33875,33874,33873,33867,33866,33869,
33856	33872,33871,33870,33876,33875,33874,33873,33867,33866,33869,
33860	33872,33871,33870,33876,33875,33874,33873,33867,33866,33869,
33862	33872,33871,33870,33876,33875,33874,33873,33867,33866,33869,
33864	33872,33871,33870,33876,33875,33874,33873,33867,33866,33869,
33904	33956,33957,33954,33955,33958,33959,33952,33953,33950,33951,
33985	33993,33992,33991,33990,33995,33994,33986,33988,33987,33989,
33991	33993,33992,33995,33994,
34032	34049,34046,34045,34048,34047,34041,34042,34043,34044,34040,
34034	34049,34046,34045,34048,34047,34041,34042,34043,34044,34040,
34043	34049,34046,34045,34048,34047,34044,34068,34067,34069,34060,
34053	34068,34067,34069,34060,34061,34062,34063,34064,34065,34066,
34062	34068,34067,34069,34063,34064,34065,34066,34086,34085,34084,
34071	34086,34085,34084,34083,34082,34081,34080,34075,34074,34077,
34074	34086,34085,34084,34083,34082,34081,34080,34075,34077,34076,
34078	34086,34085,34084,34083,34082,34081,34080,34079,
34080	34086,34085,34084,34083,34082,34081,
34097	34099,34098,
34103	34131,34132,34130,34136,34135,34134,34133,34137,34110,34118,
34120	34131,34132,34130,34136,34135,34134,34133,34137,34121,34127,
34128	34131,34132,34130,34136,34135,34134,34133,34137,34129,
34130	34131,34132,34136,34135,34134,34133,34137,
34136	34137,
3416	3420,3419,3418,3417,3430,3431,3429,3426,3425,3428,
34180	34222,34220,34218,34212,34209,34207,34201,34202,34200,34183,
34186	34205,34204,34602,34191,45132,34677,45128,34699,45162,34641,
34268	40397,41031,40720,40711,40302,40305,46265,35406,40237,41335,
34271	38123,38200,49584,48538,7279,
34276	43781,34808,34817,34814,34815,34828,34831,49436,
34302	49902,49888,49985,43268,43121,
34345	42693,44452,18539,8859,
34429	41443,11682,439,19049,44248,43067,
34487	34521,34522,34517,34510,34511,34540,34553,34500,34488,34496,
34490	35701,34598,35682,39233,35207,34641,46286,37600,34762,39065,
34562	34595,36660,35793,34688,34636,34642,34714,34722,34755,34564,
34596	43423,34602,34618,34671,34687,34640,34642,34651,43377,34702,
34635	41824,39259,34675,34672,34677,45126,45178,34645,34646,34647,
34655	34688,34699,45152,34693,45162,45195,34665,46215,34737,34745,
34713	45162,34785,34521,
34729	35701,45199,34761,37367,
34744	45136,45178,43856,36602,
34833	34835,34834,34837,34836,
34843	34848,34847,34846,34845,34849,34844,34857,34856,34859,34858,
34869	34872,34873,34870,34871,34874,
34881	34882,34883,34884,34885,34886,34887,34888,34889,34891,34890,
34889	34891,34890,34898,34899,34896,34897,34894,34895,34892,34893,
34897	34898,34899,34901,34900,34903,34902,34904,
34935	18842,26973,34937,34938,34939,34936,34948,34949,34946,34947,
34952	34974,34973,34976,34975,34970,34972,34971,34978,34977,34979,
34956	34974,34973,34976,34975,34970,34972,34971,34978,34977,34979,
34985	34987,34986,34989,34988,34990,34993,34994,34991,34992,
34996	35624,
35	36,39,37,38,43,42,41,40,79,78,
35001	42322,35557,35005,35003,34986,
35138	35139,35150,35151,35152,35153,35154,35155,35156,35140,35143,
35147	35150,35151,35152,35153,35154,35155,35156,35148,35149,
35153	35154,35155,35156,
35159	35175,35174,35173,35172,35171,35170,35167,35168,35169,35164,
35168	35175,35174,35173,35172,35171,35170,35169,
35172	35175,35174,35173,
35246	35267,35266,35260,35261,35264,35265,35262,35263,35259,35256,
35254	35267,35266,35260,35261,35264,35265,35262,35263,35259,35256,
35258	35267,35266,35260,35261,35264,35265,35262,35263,35259,
35269	35271,35274,
35270	44566,
35271	35274,
35287	35304,35303,35306,35305,35300,35302,35301,35308,35307,35309,
35305	35306,35308,35307,35309,35311,35310,
35308	35309,35311,35310,
35319	35323,35324,35321,35322,35320,
35397	35407,35406,35409,35408,35401,35400,35403,35402,35405,35404,
35407	35409,35408,
35425	35429,35428,35427,35426,35430,35434,35433,35432,35431,
35501	35502,
35529	35532,35533,35530,35531,
35645	19915,38613,
3569	43754,19078,43501,
35712	35733,35760,
35725	35758,35765,45135,35821,47460,
35797	40798,35750,43410,44892,40328,35801,35852,35851,49541,40978,
35813	49226,
35825	41828,38137,41407,39046,49581,38776,36384,49469,40484,
35839	40368,44854,41444,48207,35855,40956,40953,27536,38737,48511,
35846	40654,
35853	49873,48792,48381,41418,38801,38712,38789,
35865	35870,35878,35877,35876,35875,35874,35873,35872,35871,35879,
35867	35870,35878,35877,35876,35875,35874,35873,35872,35871,35879,
35874	35878,35877,35876,35875,35879,35881,35880,
35878	35879,35881,35880,
35906	35920,35922,35921,35924,35923,35926,35925,35928,35927,35929,
36005	36009,36007,36008,36006,36039,36038,36037,36036,36034,36035,
36032	36039,36038,36037,36036,36034,36035,36033,36048,36047,36049,
36046	36048,36047,36049,36058,36059,36053,36052,36051,36050,36057,
36059	36062,36061,36063,36060,
36099	36101,36100,
36118	36119,36128,36129,36126,36127,36124,36125,36123,36122,36121,
36134	36138,36137,36136,36135,36139,36140,36141,36142,36143,36144,
36140	36141,36142,36143,36144,36145,36147,36146,36149,36148,36150,
36203	36207,36206,36205,36204,
36209	36212,36213,36214,36215,36216,36217,36218,36219,36211,36210,
36220	36223,36224,36222,36221,
36245	36246,
36307	36309,36310,
36313	36315,36316,36317,36314,
36315	36316,36317,
36316	36317,
36360	36410,36411,36412,36413,36414,36415,36416,36417,36418,36419,
36396	36410,36411,36412,36413,36414,36415,36416,36417,36418,36419,
36410	36411,36412,36413,36414,36415,36416,36417,36418,36419,
36417	36418,36419,
36471	36477,36476,36479,36478,36472,36473,36474,36475,36481,36482,
36473	36477,36476,36479,36478,36474,36475,36481,36482,36480,
36481	36482,
36492	36493,36497,36496,36495,36494,36498,
36496	36497,36498,
36513	36529,36528,36521,36520,36523,36522,36525,36524,36527,36526,
36527	36529,36528,
36547	36548,36549,
36551	36570,36571,36572,36573,36574,36576,36575,36578,36577,36579,
36566	36570,36571,36572,36573,36574,36576,36575,36578,36577,36579,
36638	36651,36650,36652,36653,36654,36655,36656,36657,36658,36659,
36792	37427,
36964	41851,44098,44078,44079,37743,39267,40748,44088,44089,44082,
37152	37771,40748,37797,37796,37466,44562,37625,37631,37638,37666,
37222	37818,41368,37297,44181,
37287	40748,37356,37303,
37373	37410,37414,37409,37402,37407,37420,37398,37397,37393,37391,
37396	41851,44101,37431,37626,37697,37716,37509,37527,37525,37559,
37460	44247,
37508	37769,39283,44061,44064,44102,37677,39340,39344,37705,37511,
3755	3760,3757,3758,3756,3759,
37562	37818,38534,38537,38519,38513,38512,17200,44159,38472,
37599	37698,44209,44241,
37653	39240,39243,40748,44124,44112,41369,37686,37356,
37778	39268,41886,39295,37807,44137,38527,39237,39303,39346,44236,
37798	44058,44052,44066,44047,44101,39234,37822,38576,41754,39363,
37859	37861,37860,37862,37863,37864,37865,37866,37867,37868,37869,
37878	37879,37881,37880,37883,37882,37888,37889,37884,37885,37886,
37905	37910,37911,37912,37913,37914,37915,37916,37909,37907,37908,
37940	37944,37943,37942,37941,
37957	37980,37982,37981,37983,37984,37985,37986,37987,37988,37989,
37964	37980,37982,37981,37983,37984,37985,37986,37987,37988,37989,
37985	37986,37987,37988,37989,37993,37992,37991,37990,37996,37997,
38016	38027,38028,38029,38020,38022,38021,38024,38023,38026,38025,
38021	38027,38028,38029,38022,38024,38023,38026,38025,
38031	40996,
38116	38119,38118,38117,38122,38120,38121,
38138	38197,38198,38195,38196,38199,38190,38193,38194,38191,38192,
38144	38197,38198,38195,38196,38199,38190,38193,38194,38191,38192,
38151	38197,38198,38195,38196,38199,38190,38193,38194,38191,38192,
38157	38197,38198,38195,38196,38199,38190,38193,38194,38191,38192,
38163	38197,38198,38195,38196,38199,38190,38193,38194,38191,38192,
38177	38197,38198,38195,38196,38199,38190,38193,38194,38191,38192,
38183	38197,38198,38195,38196,38199,38190,38193,38194,38191,38192,
38186	38197,38198,38195,38196,38199,38190,38193,38194,38191,38192,
38189	38197,38198,38195,38196,38199,38190,38193,38194,38191,38192,
38193	38197,38198,38195,38196,38199,38194,38200,
38197	38198,38199,38200,
38199	38200,
38243	38245,38246,38244,38249,38248,38247,38250,
38280	38284,38283,38286,38285,38288,38287,38289,38282,38281,38299,
38289	38299,38298,38297,38296,38295,38294,38293,38292,38291,38290,
38292	38299,38298,38297,38296,38295,38294,38293,38300,38301,38303,
38296	38299,38298,38297,38300,38301,38303,38302,38305,38304,38307,
38299	38300,38301,38303,38302,38305,38304,38307,38306,38309,38308,
38305	38307,38306,38309,38308,
38324	38325,
3834	3869,3864,3863,3862,3861,3868,3867,3866,3865,3870,
3838	3869,3864,3863,3862,3861,3868,3867,3866,3865,3870,
38556	38570,38571,38564,38565,38562,38563,38560,38561,38569,38568,
38624	38625,38627,
38683	38685,38686,38684,38689,38688,38687,38690,38691,38692,38693,
38700	38702,38701,
38717	38725,38724,38721,38720,38723,38722,38719,38718,
38763	38816,38817,38818,38819,38812,38813,38814,38815,38810,38811,
38804	38816,38817,38818,38819,38812,38813,38814,38815,38810,38811,
38809	38816,38817,38818,38819,38812,38813,38814,38815,38810,38811,
38869	38882,38881,38884,38883,38880,38889,38885,38886,38887,38888,
38933	38934,38935,38936,38937,38938,38939,38946,38947,38944,38945,
38938	38939,38946,38947,38944,38945,38942,38943,38940,38941,38948,
38944	38946,38947,38945,38948,
39005	39006,39007,39008,39009,39012,39011,39010,39014,39013,
39020	39021,39023,39022,
39093	16804,20080,
39096	39098,39097,39099,39120,39122,39121,39124,39123,39126,39125,
39108	39120,39122,39121,39124,39123,39126,39125,39127,39128,39129,
39116	39120,39122,39121,39124,39123,39126,39125,39127,39128,39129,
39119	39120,39122,39121,39124,39123,39126,39125,39127,39128,39129,
39128	39129,39133,39132,39131,39130,
39225	39227,39226,
39342	37417,38573,38575,38576,38578,38567,37628,39363,39346,39348,
39360	39369,44217,
39390	39393,39392,39391,39399,39398,39397,39396,39395,39394,39441,
39426	39441,39440,39427,39429,39428,39438,39437,39436,39435,39439,
39437	39441,39440,39438,39439,
39506	39509,39507,39508,39511,39510,39512,39513,39514,39515,39516,
39575	39578,39579,39577,39576,39589,39582,39581,39584,39583,39586,
39578	39579,39589,39582,39581,39584,39583,39586,39585,39588,39587,
39580	39589,39582,39581,39584,39583,39586,39585,39588,39587,39595,
39599	39606,39607,39604,39605,39602,39603,39600,39601,39608,39609,
39733	39736,39734,39735,
39743	39745,39746,39744,39749,39747,39748,
39790	39792,39793,39791,39796,39797,39794,39795,39799,39798,39840,
39854	39899,39897,39898,39896,39895,39894,39892,39891,39886,39887,
39855	39894,39856,39909,39912,40024,39923,
39879	39975,
39884	39899,39897,39898,39896,39895,39894,39892,39891,39886,39887,
39947	41396,40520,40002,40024,40028,40014,40010,40018,39992,39996,
39995	40003,40006,40014,40010,40018,39998,
39997	40248,40251,40257,30853,
40017	40944,
40028	41396,40520,
40042	40048,40043,40047,40046,40045,40044,
40049	40052,40051,40050,
40104	40105,
4012	4261,4269,35423,40976,
40170	40185,40184,40183,40181,40182,40180,40177,40176,40179,40178,
40194	40196,40197,40195,40198,
40212	40216,40215,40214,40213,40218,40217,
40215	40216,40218,40217,
40217	40218,
40360	40390,40391,40393,40392,40395,40394,40396,40380,40389,40387,
40393	40395,40394,40396,
4040	29502,22113,25772,39633,39636,39637,40358,8511,30689,30688,
40410	40412,40411,40414,40413,40416,40415,40418,40417,
40505	40507,40508,40515,40514,40513,40512,40506,
40507	40508,40515,40514,40513,40512,
40564	40569,40567,40568,40565,40566,40570,40571,40572,
40570	40571,40572,
40651	40652,
40662	40697,40698,40699,40690,40691,40692,40693,40694,40695,40696,
40750	41812,44077,49234,
40790	40792,40793,40794,40795,40791,40796,40797,40798,40799,
40828	40829,
40834	40906,40905,40904,40903,40854,40853,40852,40851,40858,40857,
40846	40906,40905,40904,40903,40854,40853,40852,40851,40858,40857,
40880	40906,40905,40904,40903,40890,40891,40892,40893,40894,40895,
40899	40906,40905,40904,40903,40902,40901,40900,
40913	41076,
40939	44823,41407,49584,47425,
40948	40957,40956,40955,40954,40953,40952,40951,40950,40949,40960,
40968	40971,40970,40975,40974,40973,40972,40977,40976,40969,
40985	40986,40988,40987,40989,40990,40991,40992,
40990	40991,40992,
40993	40995,
41001	41027,41028,41029,41023,41024,41025,41026,41020,41021,41022,
41035	41038,41039,41036,41037,41061,41062,41060,41069,41068,41067,
41043	41061,41062,41060,41069,41068,41067,41066,41065,41064,41063,
41048	41061,41062,41060,41069,41068,41067,41066,41065,41064,41063,
41053	41061,41062,41060,41069,41068,41067,41066,41065,41064,41063,
41061	41062,41069,41068,41067,41066,41065,41064,41063,41070,41071,
41065	41069,41068,41067,41066,41070,41071,41072,41073,41078,41075,
41113	43050,49247,
41127	41291,39975,
41136	43246,49500,41518,
41146	45689,41315,
41155	42614,
41168	43050,45601,45689,45503,45594,45580,44764,
41235	41260,41261,41262,41263,41247,41248,41249,41240,41241,41242,
41241	41260,41261,41262,41263,41247,41248,41249,41242,41243,41244,
41256	41260,41261,41262,41263,41258,41259,41257,
41258	41260,41261,41262,41263,41259,
41261	41262,41263,
41274	41278,41279,41276,41277,41275,41286,41285,41284,41283,41289,
41285	41286,41289,41288,41287,41295,41294,41296,41290,41291,41292,
41292	41295,41294,41296,41293,
41363	41364,
41434	41476,41474,41475,41472,41473,41470,41471,41463,41464,41465,
41481	41885,44031,45140,45170,42739,45286,49464,
41500	24951,
41568	43482,43456,42277,34164,46588,44589,25192,44333,22265,42526,
41583	43334,43538,43635,
41640	47227,41848,42280,10903,45022,10738,4890,30151,35070,4879,
41644	41971,
41673	24101,
41710	22596,
41740	34207,23622,23690,30235,40354,43447,31078,17636,34187,34697,
41901	44095,44048,44148,44126,44188,44190,44252,
41934	44091,44070,44124,45675,45561,
41979	42006,42004,42005,42002,42003,42000,42001,41998,41997,41996,
41980	42006,42004,42005,42002,42003,42000,42001,41998,41997,41996,
41986	42006,42004,42005,42002,42003,42000,42001,41998,41997,41996,
41993	42006,42004,42005,42002,42003,42000,42001,41998,41997,41996,
41995	42006,42004,42005,42002,42003,42000,42001,41998,41997,41996,
42020	42021,42023,42022,42025,42024,42027,42026,42029,42028,42030,
42032	44054,44553,44203,
42035	20080,
4209	22115,22100,15390,10987,4296,32995,4246,4264,4276,22090,
42131	42139,42138,42133,42132,42137,42136,42135,42134,42140,42142,
42137	42139,42138,42140,42142,42141,
42166	42168,42167,42169,42173,42172,42171,42170,42176,42177,42174,
42236	42241,42240,42243,42242,42244,42239,42238,42237,
42254	42286,42287,42284,42285,42288,42289,42283,42282,42281,42280,
42306	42307,42308,42309,42325,42326,42327,42328,42329,42320,42321,
42375	43048,43429,
4248	29189,22312,22303,22278,22281,22294,14946,14983,22241,4314,
42515	44426,47525,22716,45297,42570,
42589	42607,42606,42605,42604,42603,42602,42601,42600,42610,42609,
42657	42658,
42684	42685,42687,42686,42689,42688,42690,42691,
42758	42763,42764,42761,42762,42760,42769,42767,42768,42765,42766,
42781	49857,45332,
42799	42802,42803,42804,42805,42800,42801,42806,42807,42808,
42800	42802,42803,42804,42805,42801,42806,42807,42808,
42830	42835,42832,42831,42834,42833,
4284	28067,22117,9336,30293,27738,23208,12624,16439,18498,5707,
42851	42853,42854,42852,
42882	42888,42889,42886,42887,42884,42885,42883,42896,42895,42894,
42904	42910,42909,42908,42907,42906,42905,
42914	42923,42924,42925,42926,42920,42921,42922,42917,42916,42919,
42916	42923,42924,42925,42926,42920,42921,42922,42917,42919,42918,
42918	42923,42924,42925,42926,42920,42921,42922,42919,42927,42928,
42926	42927,42928,42929,42931,42930,42933,42932,42934,
42931	42933,42932,42934,
43015	43016,43017,43018,43019,43030,43031,43033,43032,43034,43020,
43039	43050,43041,43042,43040,43049,43048,43047,43046,43045,43044,
43076	43101,43100,43105,43104,43103,43102,43079,43078,43077,43092,
43082	43101,43100,43105,43104,43103,43102,43092,43093,43090,43091,
43087	43101,43100,43105,43104,43103,43102,43092,43093,43090,43091,
43117	43118,
43178	43418,43416,43256,43197,43613,49734,
43227	43352,43324,47831,43297,43253,
43232	43432,43306,44401,46309,
43240	43303,43305,43322,43321,43332,43293,43294,43262,43277,43271,
43255	43369,43373,43288,
4326	16643,16650,12344,7246,
43286	43431,45198,27660,43328,41506,
4334	4390,4391,4394,4395,4392,4393,4389,4376,4377,4374,
43362	20259,10315,43158,
43396	16879,44299,44321,48538,47184,47170,47174,47173,47169,34010,
43418	43613,49734,
43470	44588,43895,
43475	43491,43256,
43487	43534,43613,
43505	48850,47671,45612,48488,43528,
43520	46142,44899,
43524	43534,
43577	5307,19550,43889,23481,34442,46044,35560,
43600	45855,43608,49734,
43612	44932,44379,49412,
43615	43626,
43617	43332,43251,47442,43557,43636,43629,
43623	43625,
43636	43332,43251,47442,43557,
43691	43693,43692,43694,
43716	43719,43721,43720,43727,43726,43729,43728,43723,43722,43725,
43749	43785,43784,43783,43782,43781,43780,43777,43778,43779,43770,
43764	43785,43784,43783,43782,43781,43780,43777,43778,43779,43770,
43806	43777,43823,43828,43839,43838,43830,43843,43809,43817,43815,
43826	43833,43830,
43839	43777,43843,
43872	43873,43874,43875,43876,43877,43878,43879,43881,43882,43880,
43883	43885,43886,43884,43887,43888,
43885	43886,43887,43888,
43956	43960,43961,43962,43963,43964,43965,43966,43959,43957,43958,
43990	36150,44008,44009,44000,44001,44002,44003,44004,44005,44006,
44015	44019,44017,44018,44016,
44044	44046,44045,
44045	44046,
44100	44120,44121,44122,44123,44124,44125,44126,44127,44128,44112,
44216	44218,
44356	44357,
44406	44407,44409,44408,44412,44411,44410,
44411	44412,
44444	44506,44401,44481,44457,44467,44469,44465,10370,
44522	44533,44532,44535,44534,44531,44530,44537,44536,44539,44538,
44532	44533,44535,44534,44537,44536,44539,44538,44546,44545,44544,
44546	44549,44548,44547,44558,44559,44552,44553,44550,44551,44556,
44549	44558,44559,44552,44553,44550,44551,44556,44557,44554,44555,
44556	44558,44559,44557,44560,44561,44562,
44558	44559,44560,44561,44562,
44561	44562,
44568	44569,
4458	4491,4490,4489,4488,4463,4462,4465,4464,4461,4460,
44590	44592,44593,44591,44596,44595,44594,
44634	44636,44635,44638,44637,44639,44649,44648,44647,44646,44641,
44642	44649,44648,44647,44646,44645,44644,44643,
44646	44649,44648,44647,
44660	44664,44663,44662,44661,
44698	44700,44702,44701,44704,44703,44706,44705,44708,44707,44709,
44721	44730,44731,44732,44725,44726,44723,44724,44729,44727,44728,
44742	44745,44746,44743,44744,
44768	44775,44774,44777,44776,44771,44770,44773,44772,44779,44778,
44780	44788,44787,44786,44785,44784,44783,44782,44781,44789,44792,
44782	44788,44787,44786,44785,44784,44783,44789,44792,44793,44791,
44790	44792,44793,44791,
44799	44800,
44825	44861,44860,44863,44862,44865,44864,44867,44866,44869,44868,
44827	44861,44860,44863,44862,44865,44864,44867,44866,44869,44868,
44830	44861,44860,44863,44862,44865,44864,44867,44866,44869,44868,
44832	44861,44860,44863,44862,44865,44864,44867,44866,44869,44868,
44835	44861,44860,44863,44862,44865,44864,44867,44866,44869,44868,
44838	44861,44860,44863,44862,44865,44864,44867,44866,44869,44868,
44845	44861,44860,44863,44862,44865,44864,44867,44866,44869,44868,
44868	44869,44899,44893,44894,44892,44897,44898,44895,44896,44890,
44870	44899,44893,44894,44892,44897,44898,44895,44896,44890,44888,
44883	44899,44893,44894,44892,44897,44898,44895,44896,44890,44888,
44886	44899,44893,44894,44892,44897,44898,44895,44896,44890,44888,
44894	44899,44897,44898,44895,44896,
44897	44899,44898,
44971	44975,44974,44973,44972,
45006	45007,45008,
45007	45008,
4501	4520,4519,4518,4513,4512,4511,4510,4517,4516,4515,
45039	45052,45053,45054,45055,45050,45051,45043,45044,45041,45042,
4504	4520,4519,4518,4513,4512,4511,4510,4517,4516,4515,
45043	45052,45053,45054,45055,45050,45051,45044,45049,45048,45047,
45047	45052,45053,45054,45055,45050,45051,45049,45048,
45062	45070,45071,45072,45073,45065,45066,45063,45064,45069,45068,
45065	45070,45071,45072,45073,45066,45069,45068,45067,
4513	4520,4519,4518,4517,4516,4515,4514,4530,4525,4526,
45139	45150,45152,45151,45154,45153,45155,45156,45157,45158,45159,
45143	45150,45152,45151,45154,45153,45155,45156,45157,45158,45159,
45153	45154,45155,45156,45157,45158,45159,45170,45171,45164,45165,
45173	45180,
45231	45239,45238,45237,45236,45235,45234,45233,45232,23218,45287,
45254	23218,45287,45288,45289,45284,45283,45286,45285,45280,45282,
45276	23218,45287,45288,45289,45284,45283,45286,45285,45280,45282,
45283	23218,45287,45288,45289,45284,45286,45285,45298,45299,45297,
45295	23218,45298,45299,45297,45296,34505,45306,45305,45304,45303,
45300	23218,34505,45306,45305,45304,45303,45302,45301,
45302	23218,34505,45306,45305,45304,45303,
45333	46818,48547,
45421	47186,
45526	45610,46799,47374,47368,49034,48738,47569,
45624	17278,17247,
45648	46799,47350,49010,
45650	48759,
45688	17759,14611,48437,
45698	47762,
45702	47739,16623,
45704	45706,45707,45708,45709,45705,
45760	45768,45769,45762,45763,45761,45766,45767,45764,45765,45770,
45776	45777,45778,
45830	45832,45831,
45858	45868,45867,45869,45864,45863,45866,45865,45860,45862,45861,
45865	45868,45867,45869,45866,
45876	45910,45912,45911,45914,45913,45916,45915,45918,45917,45908,
45892	45910,45912,45911,45914,45913,45916,45915,45918,45917,45908,
45897	45910,45912,45911,45914,45913,45916,45915,45918,45917,45908,
45899	45910,45912,45911,45914,45913,45916,45915,45918,45917,45908,
45901	45910,45912,45911,45914,45913,45916,45915,45918,45917,45908,
45934	45935,45936,45939,45937,45938,45948,45949,45944,45945,45946,
45940	45948,45949,45944,45945,45946,45947,45941,45942,45943,45957,
45955	45957,45958,45956,
46030	46036,46035,46038,46037,46031,46032,46033,46034,
46110	46131,46130,46132,46111,46113,46112,46115,46114,46117,46116,
46122	46131,46130,46132,46126,46125,46124,46123,46129,46128,46127,
46131	46132,
46140	48545,
46159	49577,
46328	46329,46337,46336,46339,46338,46333,46332,46335,46334,46330,
46334	46337,46336,46339,46338,46335,46340,
46354	46355,46357,46356,46359,46358,46368,46367,46366,46365,46369,
46376	46398,46399,46391,46390,46393,46392,46395,46394,46397,46396,
46379	46398,46399,46391,46390,46393,46392,46395,46394,46397,46396,
46408	46409,46430,46435,46433,46434,46431,46432,46428,46429,46420,
46554	46582,46581,46584,46583,46580,46589,46585,46586,46587,46588,
4656	4663,4662,4661,4660,4659,4657,4658,
46569	46582,46581,46584,46583,46580,46589,46585,46586,46587,46588,
46574	46582,46581,46584,46583,46580,46589,46585,46586,46587,46588,
46580	46582,46581,46584,46583,46589,46585,46586,46587,46588,46591,
46640	46659,46652,46651,46654,46653,46656,46655,46658,46657,46650,
46650	46659,46652,46651,46654,46653,46656,46655,46658,46657,46665,
46652	46659,46654,46653,46656,46655,46658,46657,46665,46664,46663,
46777	46799,46798,46795,46794,46797,46796,46790,46791,46792,46793,
46785	46799,46798,46795,46794,46797,46796,46790,46791,46792,46793,
46790	46799,46798,46795,46794,46797,46796,46791,46792,46793,46800,
46816	46819,46818,46817,46821,46820,46822,
46830	46850,46851,46852,46853,46854,46855,46839,46838,46837,46836,
46841	46850,46851,46852,46853,46854,46855,46847,46846,46849,46848,
46852	46853,46854,46855,
46861	46862,46863,46866,46867,46864,46865,
46903	46904,
46916	46918,46919,46917,46927,46928,46929,46923,46924,46925,46926,
46928	46929,46951,46950,46933,46932,46931,46930,46937,46936,46935,
46933	46951,46950,46937,46936,46935,46934,46939,46938,46940,46942,
46938	46951,46950,46939,46940,46942,46941,46944,46943,46946,46945,
46947	46951,46950,46948,46949,
46959	46964,46963,46966,46965,46960,46962,46961,
46961	46964,46963,46966,46965,46962,
46965	46966,
46973	46978,46979,46974,46975,46976,46977,46980,46981,
47025	47033,47032,47031,47030,47029,47027,47028,47026,
47153	47168,47167,47166,
47194	47214,47215,47212,47213,47218,47219,47216,47217,47211,47210,
47221	47227,47224,47223,47226,47225,47222,
47257	47258,
47291	47293,47292,47295,47294,47297,47296,47299,47298,47317,47318,
47400	47409,47408,47407,47406,47405,47404,47403,47402,47401,47419,
47406	47409,47408,47407,47419,47418,47415,47414,47417,47416,47411,
47413	47419,47418,47415,47414,47417,47416,47420,
47415	47419,47418,47417,47416,47420,
47430	47440,47441,47442,47444,47443,47446,47445,47448,47447,47449,
47443	47444,47446,47445,47448,47447,47449,47450,
47463	47480,47482,47481,47484,47483,47485,47464,47469,47465,47466,
47465	47480,47482,47481,47484,47483,47485,47469,47466,47467,47468,
47472	47480,47482,47481,47484,47483,47485,47475,47474,47473,47478,
47474	47480,47482,47481,47484,47483,47485,47475,47478,47479,47476,
47477	47480,47482,47481,47484,47483,47485,47478,47479,
47479	47480,47482,47481,47484,47483,47485,
47484	47485,
47491	48745,49048,
47494	47495,
47498	47499,47535,47536,47537,47538,47531,47532,47533,47534,47539,
47542	47547,47546,47549,47548,47543,47545,47544,47551,47552,47550,
47544	47547,47546,47549,47548,47545,47551,47552,47550,47559,47558,
47572	47582,47581,47580,47573,47574,47578,47577,47576,47575,47579,
47643	47660,47661,47662,47656,47657,47658,47659,47652,47653,47654,
47652	47660,47661,47662,47656,47657,47658,47659,47653,47654,47655,
47700	47710,47707,47706,47705,47704,47709,47708,47703,47702,47701,
47705	47710,47707,47706,47709,47708,
47736	47738,47737,
47773	47774,
4780	4802,4803,4800,4801,4806,4807,4804,4805,4808,4809,
47827	47831,47830,47833,47832,47835,47834,47837,47836,47839,47838,
47836	47837,47839,47838,47851,47850,47852,47846,47845,47844,47843,
4786	4802,4803,4800,4801,4806,4807,4804,4805,4808,4809,
47879	47891,47890,47893,47892,47898,47899,47894,47895,47896,47897,
47905	47909,47908,47907,47906,47910,47912,47911,47914,47913,47916,
47946	47947,47948,47949,47959,47957,47958,47951,47952,47950,47955,
4800	4802,4803,4801,4806,4807,4804,4805,4808,4809,4810,
4802	4803,4806,4807,4804,4805,4808,4809,4810,4811,4812,
48036	48037,48038,48039,48042,48041,48040,
48039	48042,48041,48040,
48045	48080,48081,48071,48072,48070,48079,48077,48078,48075,48076,
48064	48080,48081,48071,48072,48070,48079,48077,48078,48075,48076,
48068	48080,48081,48071,48072,48070,48079,48077,48078,48075,48076,
48072	48080,48081,48079,48077,48078,48075,48076,48073,48074,
48292	48298,48297,48299,48294,48293,48296,48295,48316,48317,48318,
48305	48316,48317,48318,48312,48313,48314,48315,48311,48310,48308,
48313	48316,48317,48318,48314,48315,
48336	48399,48398,48397,48396,48395,48394,48393,48392,48391,48390,
48343	48399,48398,48397,48396,48395,48394,48393,48392,48391,48390,
48371	48399,48398,48397,48396,48395,48394,48393,48392,48391,48390,
48372	48399,48398,48397,48396,48395,48394,48393,48392,48391,48390,
48374	48399,48398,48397,48396,48395,48394,48393,48392,48391,48390,
48382	48399,48398,48397,48396,48395,48394,48393,48392,48391,48390,
48393	48399,48398,48397,48396,48395,48394,48409,48408,48407,48406,
48398	48399,48409,48408,48407,48406,48405,48404,48403,48402,48401,
48433	48436,
48470	48484,48485,48486,48487,48480,48481,48482,48483,48475,48476,
48479	48484,48485,48486,48487,48480,48481,48482,48483,
48481	48484,48485,48486,48487,48482,48483,
48486	48487,
48502	48503,48504,
48512	48530,48531,48532,48520,48528,48527,48526,48525,48524,48523,
48518	48530,48531,48532,48520,48528,48527,48526,48525,48524,48523,
48523	48530,48531,48532,48528,48527,48526,48525,48524,48529,
48526	48530,48531,48532,48528,48527,48529,
48528	48530,48531,48532,48529,
48531	48532,
48578	48599,48598,48596,48597,48594,48595,48592,48593,48590,48591,
48586	48599,48598,48596,48597,48594,48595,48592,48593,48590,48591,
48594	48599,48598,48596,48597,48595,
48623	48628,48629,48624,48625,48626,48627,48640,48641,48649,48648,
48639	48640,48641,48649,48648,48647,48646,48645,48644,48643,48642,
48649	48662,48663,48660,48661,48667,48666,48665,48664,48650,48651,
48655	48662,48663,48660,48661,48667,48666,48665,48664,48656,48658,
48666	48667,
48677	48679,48678,
48703	48709,48706,48705,48708,48707,48704,48710,48711,48714,48715,
48705	48709,48706,48708,48707,48710,48711,48714,48715,48712,48713,
48714	48715,48718,48719,48716,48717,48720,48721,48722,48723,48724,
48717	48718,48719,48720,48721,48722,48723,48724,48725,48726,48727,
48719	48720,48721,48722,48723,48724,48725,48726,48727,48728,48729,
48728	48729,48734,48732,48733,48730,48731,
48733	48734,
48748	48756,48757,48758,48752,48753,48754,48755,48751,48750,48749,
48752	48756,48757,48758,48753,48754,48755,
48801	48802,48803,48804,
48806	48860,48861,48867,48866,48869,48868,48863,48862,48865,48864,
48917	48938,
48930	48937,
48932	48934,
48958	48960,48962,48961,48964,48963,48959,
48967	48968,48969,48980,48981,48982,48988,48987,48989,48984,48983,
48978	48980,48981,48982,48988,48987,48989,48984,48983,48986,48985,
49001	48031,49018,49019,49016,49017,27890,49011,49010,49015,49014,
49003	48031,49018,49019,49016,49017,27890,49011,49010,49015,49014,
49009	49018,49019,49016,49017,49011,49010,49015,49014,49013,49012,
49013	49018,49019,49016,49017,49015,49014,49038,49039,49037,49036,
49035	49038,49039,49037,49036,49040,49047,49048,49045,49046,49043,
49050	49051,49056,49057,49058,49059,49052,49053,49054,49055,49061,
49053	49056,49057,49058,49059,49054,49055,49061,49062,49060,49065,
49059	49061,49062,49060,49065,49066,49063,49064,49069,49067,49068,
49060	49061,49062,49065,49066,49063,49064,49069,49067,49068,49070,
49064	49065,49066,49069,49067,49068,49070,
49068	49069,49070,
49136	49159,49150,49158,49157,49156,49155,49154,49153,49152,49151,
49162	49168,49169,49166,49167,49164,49165,49163,49170,
49164	49168,49169,49166,49167,49165,49170,
49182	49186,49184,49185,49183,
49194	49200,49202,49201,49203,49204,49205,49206,49207,49208,49209,
49273	49278,49279,49276,49277,49274,49275,49282,49281,49280,49286,
49279	49282,49281,49280,49286,49285,49284,49283,
49281	49282,49286,49285,49284,49283,
49283	49286,49285,49284,
49334	49343,49342,49345,49344,49341,49340,49346,49347,49348,49349,
49360	49361,49362,49363,49364,49365,49366,49367,49369,49368,49370,
49362	49363,49364,49365,49366,49367,49369,49368,49370,49373,49374,
49367	49369,49368,49370,49373,49374,49371,49372,
49372	49373,49374,
49385	49386,49387,49388,49389,49391,49392,49390,49393,49394,
49433	49435,49434,49436,
49481	49508,49509,49506,49507,49504,49505,49502,49503,49500,49501,
49505	49508,49509,49506,49507,
49514	49515,
49528	49529,49530,
49656	49683,
49714	49715,49826,49764,49765,49721,49723,49752,49746,
4977	4978,4979,
49777	49850,49851,49859,49858,49857,49856,49855,49854,49853,49852,
49836	49850,49851,49859,49858,49857,49856,49855,49854,49853,49852,
49838	49850,49851,49859,49858,49857,49856,49855,49854,49853,49852,
49850	49851,49859,49858,49857,49856,49855,49854,49853,49852,
49854	49859,49858,49857,49856,49855,
49934	49946,49947,49944,49945,49942,49943,49940,49941,49948,49949,
49981	49982,49983,49984,
49983	49984,
49990	32485,
5021	5022,5025,5026,5023,5024,5030,5031,5032,5028,5027,
5076	5077,5079,5078,5089,5088,5087,5086,5085,5084,5083,
5083	5089,5088,5087,5086,5085,5084,5092,5091,5090,
5108	5128,5129,5126,5127,5132,5131,5130,5136,5135,5134,
5136	5142,5143,5140,5141,5146,5147,5144,5145,5139,5138,
5139	5142,5143,5140,5141,5146,5147,5144,5145,
5145	5146,5147,
5155	5222,5221,5223,5220,23508,5218,5219,5214,5215,5216,
5162	5222,5221,5223,5220,23508,5218,5219,5214,5215,5216,
5164	5222,5221,5223,5220,23508,5218,5219,5214,5215,5216,
5180	5222,5221,5223,5220,23508,5218,5219,5214,5215,5216,
5190	5222,5221,5223,5220,23508,5218,5219,5214,5215,5216,
5192	5222,5221,5223,5220,23508,5218,5219,5214,5215,5216,
5194	5222,5221,5223,5220,23508,5218,5219,5214,5215,5216,
5210	5222,5221,5223,5220,23508,5218,5219,5214,5215,5216,
5212	5222,5221,5223,5220,23508,5218,5219,5214,5215,5216,
5214	5222,5221,5223,5220,23508,5218,5219,5215,5216,5217,
5216	5222,5221,5223,5220,23508,5218,5219,5217,
5220	5222,5221,5223,23508,
5282	5357,5358,5359,5356,5355,5354,5353,5352,5351,5350,
5317	5357,5358,5359,5356,5355,5354,5353,5352,5351,5350,
5325	5357,5358,5359,5356,5355,5354,5353,5352,5351,5350,
5330	5357,5358,5359,5356,5355,5354,5353,5352,5351,5350,
5336	5357,5358,5359,5356,5355,5354,5353,5352,5351,5350,
5390	11161,6457,14449,
5649	5652,5650,5651,
5671	5682,5681,5680,5686,5685,5684,5683,5678,5679,5676,
5673	5682,5681,5680,5686,5685,5684,5683,5678,5679,5676,
5696	5732,5731,5708,5709,5706,5707,5704,5705,5702,5703,
5715	5732,5731,5717,5718,5719,5716,5728,5729,5722,5723,
5786	5794,5793,5795,5790,5792,5791,5787,5788,5789,
5826	5850,5851,5844,5843,5842,5841,5848,5847,5846,5845,
5844	5850,5851,5848,5847,5846,5845,5849,5874,5875,5873,
5864	5874,5875,5873,5872,5871,5870,5869,5867,5868,5865,
5922	5923,
5946	6018,6017,6009,6008,6007,6006,6015,6016,6013,6014,
5980	6018,6017,6009,6008,6007,6006,6015,6016,6013,6014,
6007	6018,6017,6009,6008,6015,6016,6013,6014,6011,6012,
6012	6018,6017,6015,6016,6013,6014,
6014	6018,6017,6015,6016,
6020	18058,33316,39125,46505,15068,
6069	6093,6094,6095,6096,6090,6091,6092,6097,6098,6099,
625	20914,30248,35752,19541,8933,8935,20486,49855,18449,40345,
6446	6447,6449,6448,
6557	26823,6619,6602,6695,6667,6676,6671,6650,24396,6566,
6797	26602,20272,21470,21477,
6822	6824,6825,6826,6827,6823,
7093	11231,
717	748,747,746,745,749,740,744,743,742,741,
7236	7237,7238,7239,
7238	7239,
7260	7318,7317,7316,7315,7319,7320,7321,7324,7322,7323,
7276	7318,7317,7316,7315,7319,7320,7321,7324,7322,7323,
7300	7318,7317,7316,7315,7319,7320,7321,7324,7322,7323,
7312	7318,7317,7316,7315,7319,7320,7321,7324,7322,7323,
7321	7324,7322,7323,
7362	7365,7364,7363,7368,7367,7366,
7414	7450,7451,7452,7453,7454,7455,7456,7448,7447,7449,
7424	7450,7451,7452,7453,7454,7455,7456,7448,7447,7449,
7431	7450,7451,7452,7453,7454,7455,7456,7448,7447,7449,
7464	7500,7501,7505,7504,7503,7502,7509,7508,7507,7506,
7498	7500,7501,7505,7504,7503,7502,7509,7508,7507,7506,
7503	7505,7504,7509,7508,7507,7506,
7600	14531,10740,10699,11333,7619,
7625	7634,
7636	18835,
7710	35752,1860,11689,16369,40940,8752,14456,20775,33851,
777	805,
782	825,
7840	15368,15308,15757,1382,16067,12703,19032,49264,43335,12737,
7965	7968,7969,7966,7967,7974,7973,7972,7971,7970,
799	822,24214,
8066	8068,8069,8067,8070,8071,8072,8073,8074,
8071	8072,8073,8074,
8210	8221,8220,8217,8218,8219,8216,8215,8214,8213,8212,
8214	8221,8220,8217,8218,8219,8216,8215,
8393	41002,19595,17207,8357,8342,8399,8394,8385,8384,
8411	8419,8416,8415,8418,8417,8422,8423,8424,8425,8420,
8431	8438,8437,8439,8440,8441,8442,8443,8444,8445,8446,
8442	8443,8444,8445,8446,8447,8448,8449,8451,8450,
8472	8485,8484,8486,8481,8480,8483,8482,8476,8475,8474,
8534	8535,8536,
8627	8629,8628,8630,8631,8632,
8719	8741,8742,8743,8744,8740,8739,8738,8735,8734,8736,
8739	8741,8742,8743,8744,8740,8760,8757,8756,8759,8758,
8745	8760,8757,8756,8759,8758,8750,8751,8754,8755,8752,
8753	8760,8757,8756,8759,8758,8754,8755,
8915	8920,8916,8917,8918,8919,8929,8928,8927,8926,8925,
8936	8937,
8981	8984,8983,8985,8982,
9037	9040,9041,9042,9038,9039,
9145	9190,9192,9191,9183,9182,9181,9180,9187,9186,9185,
9183	9190,9192,9191,9187,9186,9185,9184,9189,9188,
9185	9190,9192,9191,9187,9186,9189,9188,
9190	9192,9191,
931	932,933,
9432	9435,9434,9433,
9495	9504,9502,9503,9500,9501,9498,9499,9496,9497,
9548	9550,9556,9555,9558,9557,9552,9551,9554,9553,9549,
9602	9607,9605,9606,9603,9604,
968	989,988,987,982,981,980,986,985,984,983,
9865	9866,9867,9868,
9883	9886,9885,9888,9887,9884,9891,9890,9899,9898,9897,
9898	9899,9922,9923,9924,9925,9926,9927,9928,9929,9930,
9941	9948,9945,9944,9947,9946,9942,9943,
